DesignVariation : bigCavity_x='25mm' bigCavity_y='10.5mm' bigCavity_z='1.5799999999999998mm' bigCavity_z0='8mm' bottom_z='9.5800000000000001mm' Cavity_Cap_Z='1.8999999999999999mm' cavityFeedMiddle_x='4mm' cavityFeedMiddle_y='6.0999999999999996mm' cavityFeedMiddle_z='3mm' cavityFeedMiddle_z0='5mm' cavityThrough_y='2mm' chip_dist='50um' coax_z0='7.5482500000000003mm' coaxCenter_h='2.2000000000000006mm' coaxCenter_r='0.14349999999999999mm' coaxCut_y='1mm' coaxIso_r='0.46999999999999997mm' coaxOuter_r='0.59499999999999997mm' coaxPos_x='6.5mm' coaxPos_y='5.25mm' coaxRecess_h='2.2000000000000006mm' coaxRecess_r='0.59499999999999997mm' Meshbox_big__length_var='100um' Meshbox_small__length_var='100um' stageRecess1_x='2.2000000000000002cm' stageRecess1_y='3.1000000000000001mm' stageRecess1_z='330um' stageRecess1_z0='7.6699999999999999mm' stageRecess2_x='6.0999999999999996mm' stageRecess2_y='6.0999999999999996mm' stageRecess2_z='710um' stageRecess2_z0='7.29mm' stageRecess3_x='25mm' stageRecess3_y='2.2000000000000006mm' stageRecess3_z='380.00000000000006um' stageRecess3_z0='7.6200000000000001mm' substrate_z='330um' total_x='25mm' total_y='10.5mm' wall_z='2.29mm' Z_Move_to_Origin='5mm'
Solution : Analysis2_0p2 : LastAdaptive
Parameter : Matrix_all
Capacitance Unit: pF

Capacitance
		bG1__Arm1__ex	bG1__Arm2__ex	bG1__phi1__ex	bG1__phi2__ex	bG1__phi3__ex	bG1__phi4__ex	qR7__Arm1__ex	qR7__Arm2__ex	qR7__phi1__ex	qR7__phi2__ex	qR7__phi3__ex	qR7__phi4__ex	qS16__Arm1__ex	qS16__Arm2__ex	qS16__phi1__ex	qS16__phi2__ex	qS16__phi3__ex	qS16__phi4__ex	bG1__Bondpad__ex	bG1__FBL__ex	bG1__Purcell__ex	Box__ex	qR7__BondPad__ex	qR7__Purcell__ex	qS16__Bondpad__ex	qS16__Purcell__ex
	bG1__Arm1__ex	0.094602	-0.005552	-0.015912	-0.0020611	-0.00014406	-0.0040167	-1.1823E-05	-1.2049E-08	-2.8771E-09	-2.1378E-09	-9.2366E-11	-1.3644E-08	-3.4258E-06	-0.0081369	-6.154E-07	-7.9547E-07	-1.2975E-08	-4.3298E-06	-0.0066265	-0.034824	-0.016978	-0.00032968	-9.7491E-12	-2.7014E-10	-2.5086E-09	-6.7271E-08
	bG1__Arm2__ex	-0.005552	0.089333	-0.0020082	-0.015346	-0.00013306	-0.0037853	-0.008149	-3.3684E-06	-8.0614E-07	-5.9883E-07	-2.5854E-08	-3.8118E-06	-1.013E-08	-9.6837E-06	-1.8167E-09	-2.3478E-09	-3.8327E-11	-1.281E-08	-0.0062264	-0.03207	-0.015748	-0.00029655	-2.7223E-09	-7.5424E-08	-7.4241E-12	-1.991E-10
	bG1__phi1__ex	-0.015912	-0.0020082	0.032756	-0.0049992	-0.00024445	-0.0045319	-2.0671E-06	-2.1056E-09	-5.0338E-10	-3.7397E-10	-1.6152E-11	-2.3835E-09	-2.5773E-09	-2.4629E-06	-4.6271E-10	-5.9807E-10	-9.7579E-12	-3.2581E-09	-0.00021118	-0.0028841	-0.0019599	-4.3107E-07	-1.7026E-12	-4.7175E-11	-1.8879E-12	-5.0627E-11
	bG1__phi2__ex	-0.0020611	-0.015346	-0.0049992	0.032115	-0.00022205	-0.0045174	-2.8992E-06	-2.953E-09	-7.061E-10	-5.2457E-10	-2.2655E-11	-3.3426E-09	-1.7897E-09	-1.7105E-06	-3.2127E-10	-4.1524E-10	-6.7754E-12	-2.2626E-09	-0.00021051	-0.0028306	-0.0019228	-4.2997E-07	-2.3876E-12	-6.6155E-11	-1.3111E-12	-3.5159E-11
	bG1__phi3__ex	-0.00014406	-0.00013306	-0.00024445	-0.00022205	0.0014536	-0.00037124	-1.4669E-07	-1.4945E-10	-3.5711E-11	-2.6532E-11	-1.1461E-12	-1.692E-10	-1.3152E-10	-1.2567E-07	-2.3598E-11	-3.05E-11	-4.9776E-13	-1.6629E-10	-1.4667E-05	-0.00011519	-0.00020856	-2.5669E-08	-1.2088E-13	-3.3493E-12	-9.6363E-14	-2.5842E-12
	bG1__phi4__ex	-0.0040167	-0.0037853	-0.0045319	-0.0045174	-0.00037124	0.029234	-4.2715E-06	-4.352E-09	-1.0397E-09	-7.725E-10	-3.3371E-11	-4.9274E-09	-3.793E-09	-3.6242E-06	-6.8051E-10	-8.7951E-10	-1.4355E-11	-4.7961E-09	-0.00044034	-0.0029005	-0.0086623	-7.4391E-07	-3.5203E-12	-9.7541E-11	-2.7794E-12	-7.4537E-11
	qR7__Arm1__ex	-1.1823E-05	-0.008149	-2.0671E-06	-2.8992E-06	-1.4669E-07	-4.2715E-06	0.11455	-0.01123	-0.014801	-0.0028589	-0.0001379	-0.015273	-3.183E-11	-3.0435E-08	-5.705E-12	-7.3725E-12	-1.2039E-13	-4.0262E-11	-3.8565E-05	-0.00014065	-5.7943E-05	-0.061566	-9.8597E-06	-0.00026837	-2.3336E-14	-6.2584E-13
	qR7__Arm2__ex	-1.2049E-08	-3.3684E-06	-2.1056E-09	-2.953E-09	-1.4945E-10	-4.352E-09	-0.01123	0.10658	-0.0029652	-0.014623	-0.00013263	-0.015301	-3.2452E-14	-3.103E-11	-5.8166E-15	-7.5167E-15	-1.2274E-16	-4.105E-14	-3.9346E-08	-1.431E-07	-5.9091E-08	-0.062046	-9.8738E-06	-0.00026913	-2.3792E-17	-6.3808E-16
	qR7__phi1__ex	-2.8771E-09	-8.0614E-07	-5.0338E-10	-7.061E-10	-3.5711E-11	-1.0397E-09	-0.014801	-0.0029652	0.030583	-0.0037142	-0.0001951	-0.0079038	-7.7419E-15	-7.4026E-12	-1.3876E-15	-1.7932E-15	-2.9282E-17	-9.7928E-15	-9.374E-09	-3.4377E-08	-1.4088E-08	-0.00094576	-2.1145E-06	-5.5445E-05	-5.6759E-18	-1.5222E-16
	qR7__phi2__ex	-2.1378E-09	-5.9883E-07	-3.7397E-10	-5.2457E-10	-2.6532E-11	-7.725E-10	-0.0028589	-0.014623	-0.0037142	0.029975	-0.00015651	-0.0076477	-5.753E-15	-5.5009E-12	-1.0311E-15	-1.3325E-15	-2.1759E-17	-7.277E-15	-6.9668E-09	-2.5526E-08	-1.0469E-08	-0.00091871	-2.0405E-06	-5.3558E-05	-4.2178E-18	-1.1312E-16
	qR7__phi3__ex	-9.2366E-11	-2.5854E-08	-1.6152E-11	-2.2655E-11	-1.1461E-12	-3.3371E-11	-0.0001379	-0.00013263	-0.0001951	-0.00015651	0.0012039	-0.00054464	-2.4864E-16	-2.3775E-13	-4.4566E-17	-5.7591E-17	-9.4043E-19	-3.1451E-16	-3.0124E-10	-1.1008E-09	-4.5258E-10	-3.386E-05	-1.2178E-07	-3.144E-06	-1.8229E-19	-4.8888E-18
	qR7__phi4__ex	-1.3644E-08	-3.8118E-06	-2.3835E-09	-3.3426E-09	-1.692E-10	-4.9274E-09	-0.015273	-0.015301	-0.0079038	-0.0076477	-0.00054464	0.060092	-3.6757E-14	-3.5147E-11	-6.5882E-15	-8.5138E-15	-1.3903E-16	-4.6495E-14	-4.4582E-08	-1.6178E-07	-6.6941E-08	-0.0050124	-0.00014478	-0.0082601	-2.6949E-17	-7.2272E-16
	qS16__Arm1__ex	-3.4258E-06	-1.013E-08	-2.5773E-09	-1.7897E-09	-1.3152E-10	-3.793E-09	-3.183E-11	-3.2452E-14	-7.7419E-15	-5.753E-15	-2.4864E-16	-3.6757E-14	0.10814	-0.010963	-0.014522	-0.0027745	-5.7961E-05	-0.016438	-3.7783E-08	-1.3649E-07	-5.5272E-08	-0.06314	-2.6269E-17	-7.279E-16	-8.8593E-06	-0.00023262
	qS16__Arm2__ex	-0.0081369	-9.6837E-06	-2.4629E-06	-1.7105E-06	-1.2567E-07	-3.6242E-06	-3.0435E-08	-3.103E-11	-7.4026E-12	-5.5009E-12	-2.3775E-13	-3.5147E-11	-0.010963	0.11634	-0.0028483	-0.014633	-6.8331E-05	-0.016421	-3.6162E-05	-0.00013094	-5.2849E-05	-0.062795	-2.5118E-14	-6.9601E-13	-8.7957E-06	-0.00023233
	qS16__phi1__ex	-6.154E-07	-1.8167E-09	-4.6271E-10	-3.2127E-10	-2.3598E-11	-6.8051E-10	-5.705E-12	-5.8166E-15	-1.3876E-15	-1.0311E-15	-4.4566E-17	-6.5882E-15	-0.014522	-0.0028483	0.029629	-0.003138	-5.8232E-05	-0.0081152	-6.7657E-09	-2.4592E-08	-9.9017E-09	-0.00089797	-4.7082E-18	-1.3046E-16	-1.8615E-06	-4.7342E-05
	qS16__phi2__ex	-7.9547E-07	-2.3478E-09	-5.9807E-10	-4.1524E-10	-3.05E-11	-8.7951E-10	-7.3725E-12	-7.5167E-15	-1.7932E-15	-1.3325E-15	-5.7591E-17	-8.5138E-15	-0.0027745	-0.014633	-0.003138	0.029625	-7.659E-05	-0.0080724	-8.7422E-09	-3.1799E-08	-1.2795E-08	-0.00088154	-6.0844E-18	-1.686E-16	-1.8104E-06	-4.6193E-05
	qS16__phi3__ex	-1.2975E-08	-3.8327E-11	-9.7579E-12	-6.7754E-12	-4.9776E-13	-1.4355E-11	-1.2039E-13	-1.2274E-16	-2.9282E-17	-2.1759E-17	-9.4043E-19	-1.3903E-16	-5.7961E-05	-6.8331E-05	-5.8232E-05	-7.659E-05	0.00057555	-0.00029732	-1.4282E-10	-5.179E-10	-2.0899E-10	-1.5653E-05	-9.9354E-20	-2.7531E-18	-5.5308E-08	-1.3884E-06
	qS16__phi4__ex	-4.3298E-06	-1.281E-08	-3.2581E-09	-2.2626E-09	-1.6629E-10	-4.7961E-09	-4.0262E-11	-4.105E-14	-9.7928E-15	-7.277E-15	-3.1451E-16	-4.6495E-14	-0.016438	-0.016421	-0.0081152	-0.0080724	-0.00029732	0.063299	-4.7809E-08	-1.7233E-07	-6.9927E-08	-0.0054091	-3.3228E-17	-9.2073E-16	-0.00014529	-0.008396
	bG1__Bondpad__ex	-0.0066265	-0.0062264	-0.00021118	-0.00021051	-1.4667E-05	-0.00044034	-3.8565E-05	-3.9346E-08	-9.374E-09	-6.9668E-09	-3.0124E-10	-4.4582E-08	-3.7783E-08	-3.6162E-05	-6.7657E-09	-8.7422E-09	-1.4282E-10	-4.7809E-08	0.27787	-0.0028152	-0.089598	-0.17165	-3.1869E-11	-8.8314E-10	-2.7714E-11	-7.4329E-10
	bG1__FBL__ex	-0.034824	-0.03207	-0.0028841	-0.0028306	-0.00011519	-0.0029005	-0.00014065	-1.431E-07	-3.4377E-08	-2.5526E-08	-1.1008E-09	-1.6178E-07	-1.3649E-07	-0.00013094	-2.4592E-08	-3.1799E-08	-5.179E-10	-1.7233E-07	-0.0028152	0.087929	-0.0091917	-2.5557E-05	-1.1545E-10	-3.1981E-09	-9.9796E-11	-2.6759E-09
	bG1__Purcell__ex	-0.016978	-0.015748	-0.0019599	-0.0019228	-0.00020856	-0.0086623	-5.7943E-05	-5.9091E-08	-1.4088E-08	-1.0469E-08	-4.5258E-10	-6.6941E-08	-5.5272E-08	-5.2849E-05	-9.9017E-09	-1.2795E-08	-2.0899E-10	-6.9927E-08	-0.089598	-0.0091917	0.14439	-1.0434E-05	-4.7846E-11	-1.3258E-09	-4.0533E-11	-1.0871E-09
	Box__ex	-0.00032968	-0.00029655	-4.3107E-07	-4.2997E-07	-2.5669E-08	-7.4391E-07	-0.061566	-0.062046	-0.00094576	-0.00091871	-3.386E-05	-0.0050124	-0.06314	-0.062795	-0.00089797	-0.00088154	-1.5653E-05	-0.0054091	-0.17165	-2.5557E-05	-1.0434E-05	0.77947	-0.17167	-9.9095E-05	-0.17164	-8.39E-05
	qR7__BondPad__ex	-9.7491E-12	-2.7223E-09	-1.7026E-12	-2.3876E-12	-1.2088E-13	-3.5203E-12	-9.8597E-06	-9.8738E-06	-2.1145E-06	-2.0405E-06	-1.2178E-07	-0.00014478	-2.6269E-17	-2.5118E-14	-4.7082E-18	-6.0844E-18	-9.9354E-20	-3.3228E-17	-3.1869E-11	-1.1545E-10	-4.7846E-11	-0.17167	0.27878	-0.10694	-1.9259E-20	-5.1649E-19
	qR7__Purcell__ex	-2.7014E-10	-7.5424E-08	-4.7175E-11	-6.6155E-11	-3.3493E-12	-9.7541E-11	-0.00026837	-0.00026913	-5.5445E-05	-5.3558E-05	-3.144E-06	-0.0082601	-7.279E-16	-6.9601E-13	-1.3046E-16	-1.686E-16	-2.7531E-18	-9.2073E-16	-8.8314E-10	-3.1981E-09	-1.3258E-09	-9.9095E-05	-0.10694	0.11594	-5.3366E-19	-1.4312E-17
	qS16__Bondpad__ex	-2.5086E-09	-7.4241E-12	-1.8879E-12	-1.3111E-12	-9.6363E-14	-2.7794E-12	-2.3336E-14	-2.3792E-17	-5.6759E-18	-4.2178E-18	-1.8229E-19	-2.6949E-17	-8.8593E-06	-8.7957E-06	-1.8615E-06	-1.8104E-06	-5.5308E-08	-0.00014529	-2.7714E-11	-9.9796E-11	-4.0533E-11	-0.17164	-1.9259E-20	-5.3366E-19	0.28312	-0.11131
	qS16__Purcell__ex	-6.7271E-08	-1.991E-10	-5.0627E-11	-3.5159E-11	-2.5842E-12	-7.4537E-11	-6.2584E-13	-6.3808E-16	-1.5222E-16	-1.1312E-16	-4.8888E-18	-7.2272E-16	-0.00023262	-0.00023233	-4.7342E-05	-4.6193E-05	-1.3884E-06	-0.008396	-7.4329E-10	-2.6759E-09	-1.0871E-09	-8.39E-05	-5.1649E-19	-1.4312E-17	-0.11131	0.12035

Capacitive Coupling Coefficient
		bG1__Arm1__ex	bG1__Arm2__ex	bG1__phi1__ex	bG1__phi2__ex	bG1__phi3__ex	bG1__phi4__ex	qR7__Arm1__ex	qR7__Arm2__ex	qR7__phi1__ex	qR7__phi2__ex	qR7__phi3__ex	qR7__phi4__ex	qS16__Arm1__ex	qS16__Arm2__ex	qS16__phi1__ex	qS16__phi2__ex	qS16__phi3__ex	qS16__phi4__ex	bG1__Bondpad__ex	bG1__FBL__ex	bG1__Purcell__ex	Box__ex	qR7__BondPad__ex	qR7__Purcell__ex	qS16__Bondpad__ex	qS16__Purcell__ex
	bG1__Arm1__ex	1	-0.060394	-0.28585	-0.037394	-0.012285	-0.076378	-0.00011357	-1.2E-07	-5.3489E-08	-4.0145E-08	-8.6549E-09	-1.8096E-07	-3.387E-05	-0.07756	-1.1624E-05	-1.5026E-05	-1.7584E-06	-5.5952E-05	-0.040871	-0.38182	-0.14527	-0.001214	-6.0032E-11	-2.5793E-09	-1.5328E-08	-6.3047E-07
	bG1__Arm2__ex	-0.060394	1	-0.037123	-0.28651	-0.011677	-0.074071	-0.080556	-3.452E-05	-1.5423E-05	-1.1572E-05	-2.493E-06	-5.2025E-05	-1.0306E-07	-9.4987E-05	-3.5311E-08	-4.5638E-08	-5.3451E-09	-1.7036E-07	-0.03952	-0.36185	-0.13866	-0.0011238	-1.725E-08	-7.411E-07	-4.6683E-11	-1.9202E-09
	bG1__phi1__ex	-0.28585	-0.037123	1	-0.15414	-0.035426	-0.14645	-3.3745E-05	-3.5636E-08	-1.5904E-08	-1.1935E-08	-2.572E-09	-5.3722E-08	-4.3304E-08	-3.9897E-05	-1.4853E-08	-1.9199E-08	-2.2473E-09	-7.1551E-08	-0.0022136	-0.05374	-0.028498	-2.6978E-06	-1.7817E-11	-7.6548E-10	-1.9604E-11	-8.0634E-10
	bG1__phi2__ex	-0.037394	-0.28651	-0.15414	1	-0.032499	-0.14743	-4.78E-05	-5.0475E-08	-2.2531E-08	-1.6907E-08	-3.6434E-09	-7.6089E-08	-3.037E-08	-2.7982E-05	-1.0415E-08	-1.3462E-08	-1.576E-09	-5.0183E-08	-0.0022285	-0.053268	-0.028237	-2.7176E-06	-2.5234E-11	-1.0841E-09	-1.375E-11	-5.6555E-10
	bG1__phi3__ex	-0.012285	-0.011677	-0.035426	-0.032499	1	-0.05695	-1.1368E-05	-1.2007E-08	-5.356E-09	-4.0195E-09	-8.6637E-10	-1.8104E-08	-1.049E-08	-9.6634E-06	-3.5959E-09	-4.6478E-09	-5.442E-10	-1.7336E-08	-0.00072978	-0.010189	-0.014396	-7.6258E-07	-6.0049E-12	-2.58E-10	-4.7501E-12	-1.9538E-10
	bG1__phi4__ex	-0.076378	-0.074071	-0.14645	-0.14743	-0.05695	1	-7.3812E-05	-7.7967E-08	-3.4772E-08	-2.6096E-08	-5.6251E-09	-1.1756E-07	-6.746E-08	-6.2144E-05	-2.3122E-08	-2.9886E-08	-3.4995E-09	-1.1149E-07	-0.0048857	-0.057209	-0.13333	-4.928E-06	-3.8995E-11	-1.6754E-09	-3.0551E-11	-1.2566E-09
	qR7__Arm1__ex	-0.00011357	-0.080556	-3.3745E-05	-4.78E-05	-1.1368E-05	-7.3812E-05	1	-0.10163	-0.25006	-0.048788	-0.011743	-0.18408	-2.8598E-10	-2.6363E-07	-9.7926E-11	-1.2656E-10	-1.4827E-11	-4.7282E-10	-0.00021616	-0.0014014	-0.00045054	-0.20603	-5.5174E-05	-0.0023287	-1.2958E-13	-5.3302E-12
	qR7__Arm2__ex	-1.2E-07	-3.452E-05	-3.5636E-08	-5.0475E-08	-1.2007E-08	-7.7967E-08	-0.10163	1	-0.051936	-0.25871	-0.011709	-0.1912	-3.0228E-13	-2.7866E-10	-1.0351E-13	-1.3377E-13	-1.5672E-14	-4.9977E-13	-2.2864E-07	-1.4783E-06	-4.7633E-07	-0.21527	-5.7282E-05	-0.002421	-1.3697E-16	-5.634E-15
	qR7__phi1__ex	-5.3489E-08	-1.5423E-05	-1.5904E-08	-2.2531E-08	-5.356E-09	-3.4772E-08	-0.25006	-0.051936	1	-0.12267	-0.032153	-0.18437	-1.3462E-13	-1.241E-10	-4.6097E-14	-5.9573E-14	-6.9794E-15	-2.2257E-13	-1.0169E-07	-6.6293E-07	-2.12E-07	-0.0061255	-2.29E-05	-0.00093111	-6.0998E-17	-2.5091E-15
	qR7__phi2__ex	-4.0145E-08	-1.1572E-05	-1.1935E-08	-1.6907E-08	-4.0195E-09	-2.6096E-08	-0.048788	-0.25871	-0.12267	1	-0.026053	-0.1802	-1.0105E-13	-9.3149E-11	-3.46E-14	-4.4716E-14	-5.2387E-15	-1.6706E-13	-7.6337E-08	-4.9721E-07	-1.5914E-07	-0.0060103	-2.2321E-05	-0.00090849	-4.5785E-17	-1.8833E-15
	qR7__phi3__ex	-8.6549E-09	-2.493E-06	-2.572E-09	-3.6434E-09	-8.6637E-10	-5.6251E-09	-0.011743	-0.011709	-0.032153	-0.026053	1	-0.064032	-2.1791E-14	-2.0088E-11	-7.4617E-15	-9.6432E-15	-1.1298E-15	-3.6028E-14	-1.647E-08	-1.0699E-07	-3.4326E-08	-0.0011053	-6.6476E-06	-0.00026611	-9.8738E-18	-4.0615E-16
	qR7__phi4__ex	-1.8096E-07	-5.2025E-05	-5.3722E-08	-7.6089E-08	-1.8104E-08	-1.1756E-07	-0.18408	-0.1912	-0.18437	-0.1802	-0.064032	1	-4.5598E-13	-4.2034E-10	-1.5613E-13	-2.0178E-13	-2.364E-14	-7.5388E-13	-3.4501E-07	-2.2256E-06	-7.1865E-07	-0.02316	-0.0011186	-0.098959	-2.0661E-16	-8.4986E-15
	qS16__Arm1__ex	-3.387E-05	-1.0306E-07	-4.3304E-08	-3.037E-08	-1.049E-08	-6.746E-08	-2.8598E-10	-3.0228E-13	-1.3462E-13	-1.0105E-13	-2.1791E-14	-4.5598E-13	1	-0.097738	-0.25654	-0.049018	-0.0073468	-0.19868	-2.1796E-07	-1.3997E-06	-4.4232E-07	-0.21748	-1.5129E-16	-6.5006E-15	-5.0632E-05	-0.0020391
	qS16__Arm2__ex	-0.07756	-9.4987E-05	-3.9897E-05	-2.7982E-05	-9.6634E-06	-6.2144E-05	-2.6363E-07	-2.7866E-10	-1.241E-10	-9.3149E-11	-2.0088E-11	-4.2034E-10	-0.097738	1	-0.048512	-0.24925	-0.0083504	-0.19135	-0.00020112	-0.0012946	-0.00040775	-0.20852	-1.3947E-13	-5.9926E-12	-4.8464E-05	-0.0019634
	qS16__phi1__ex	-1.1624E-05	-3.5311E-08	-1.4853E-08	-1.0415E-08	-3.5959E-09	-2.3122E-08	-9.7926E-11	-1.0351E-13	-4.6097E-14	-3.46E-14	-7.4617E-15	-1.5613E-13	-0.25654	-0.048512	1	-0.10592	-0.014101	-0.18739	-7.4565E-08	-4.8179E-07	-1.5138E-07	-0.0059088	-5.1805E-17	-2.2259E-15	-2.0325E-05	-0.0007928
	qS16__phi2__ex	-1.5026E-05	-4.5638E-08	-1.9199E-08	-1.3462E-08	-4.6478E-09	-2.9886E-08	-1.2656E-10	-1.3377E-13	-5.9573E-14	-4.4716E-14	-9.6432E-15	-2.0178E-13	-0.049018	-0.24925	-0.10592	1	-0.018548	-0.18641	-9.6355E-08	-6.2305E-07	-1.9563E-07	-0.0058011	-6.6951E-17	-2.8767E-15	-1.9767E-05	-0.00077363
	qS16__phi3__ex	-1.7584E-06	-5.3451E-09	-2.2473E-09	-1.576E-09	-5.442E-10	-3.4995E-09	-1.4827E-11	-1.5672E-14	-6.9794E-15	-5.2387E-15	-1.1298E-15	-2.364E-14	-0.0073468	-0.0083504	-0.014101	-0.018548	1	-0.049259	-1.1294E-08	-7.2801E-08	-2.2925E-08	-0.00073902	-7.8437E-18	-3.3702E-16	-4.3327E-06	-0.00016682
	qS16__phi4__ex	-5.5952E-05	-1.7036E-07	-7.1551E-08	-5.0183E-08	-1.7336E-08	-1.1149E-07	-4.7282E-10	-4.9977E-13	-2.2257E-13	-1.6706E-13	-3.6028E-14	-7.5388E-13	-0.19868	-0.19135	-0.18739	-0.18641	-0.049259	1	-3.6049E-07	-2.3099E-06	-7.3144E-07	-0.024351	-2.5013E-16	-1.0748E-14	-0.0010853	-0.096195
	bG1__Bondpad__ex	-0.040871	-0.03952	-0.0022136	-0.0022285	-0.00072978	-0.0048857	-0.00021616	-2.2864E-07	-1.0169E-07	-7.6337E-08	-1.647E-08	-3.4501E-07	-2.1796E-07	-0.00020112	-7.4565E-08	-9.6355E-08	-1.1294E-08	-3.6049E-07	1	-0.018011	-0.44731	-0.36883	-1.1451E-10	-4.9202E-09	-9.881E-11	-4.0646E-09
	bG1__FBL__ex	-0.38182	-0.36185	-0.05374	-0.053268	-0.010189	-0.057209	-0.0014014	-1.4783E-06	-6.6293E-07	-4.9721E-07	-1.0699E-07	-2.2256E-06	-1.3997E-06	-0.0012946	-4.8179E-07	-6.2305E-07	-7.2801E-08	-2.3099E-06	-0.018011	1	-0.081575	-9.762E-05	-7.3737E-10	-3.1674E-08	-6.325E-10	-2.6012E-08
	bG1__Purcell__ex	-0.14527	-0.13866	-0.028498	-0.028237	-0.014396	-0.13333	-0.00045054	-4.7633E-07	-2.12E-07	-1.5914E-07	-3.4326E-08	-7.1865E-07	-4.4232E-07	-0.00040775	-1.5138E-07	-1.9563E-07	-2.2925E-08	-7.3144E-07	-0.44731	-0.081575	1	-3.1102E-05	-2.3848E-10	-1.0247E-08	-2.0047E-10	-8.2465E-09
	Box__ex	-0.001214	-0.0011238	-2.6978E-06	-2.7176E-06	-7.6258E-07	-4.928E-06	-0.20603	-0.21527	-0.0061255	-0.0060103	-0.0011053	-0.02316	-0.21748	-0.20852	-0.0059088	-0.0058011	-0.00073902	-0.024351	-0.36883	-9.762E-05	-3.1102E-05	1	-0.36827	-0.00032963	-0.36538	-0.00027393
	qR7__BondPad__ex	-6.0032E-11	-1.725E-08	-1.7817E-11	-2.5234E-11	-6.0049E-12	-3.8995E-11	-5.5174E-05	-5.7282E-05	-2.29E-05	-2.2321E-05	-6.6476E-06	-0.0011186	-1.5129E-16	-1.3947E-13	-5.1805E-17	-6.6951E-17	-7.8437E-18	-2.5013E-16	-1.1451E-10	-7.3737E-10	-2.3848E-10	-0.36827	1	-0.5948	-6.8552E-20	-2.8198E-18
	qR7__Purcell__ex	-2.5793E-09	-7.411E-07	-7.6548E-10	-1.0841E-09	-2.58E-10	-1.6754E-09	-0.0023287	-0.002421	-0.00093111	-0.00090849	-0.00026611	-0.098959	-6.5006E-15	-5.9926E-12	-2.2259E-15	-2.8767E-15	-3.3702E-16	-1.0748E-14	-4.9202E-09	-3.1674E-08	-1.0247E-08	-0.00032963	-0.5948	1	-2.9455E-18	-1.2116E-16
	qS16__Bondpad__ex	-1.5328E-08	-4.6683E-11	-1.9604E-11	-1.375E-11	-4.7501E-12	-3.0551E-11	-1.2958E-13	-1.3697E-16	-6.0998E-17	-4.5785E-17	-9.8738E-18	-2.0661E-16	-5.0632E-05	-4.8464E-05	-2.0325E-05	-1.9767E-05	-4.3327E-06	-0.0010853	-9.881E-11	-6.325E-10	-2.0047E-10	-0.36538	-6.8552E-20	-2.9455E-18	1	-0.60301
	qS16__Purcell__ex	-6.3047E-07	-1.9202E-09	-8.0634E-10	-5.6555E-10	-1.9538E-10	-1.2566E-09	-5.3302E-12	-5.634E-15	-2.5091E-15	-1.8833E-15	-4.0615E-16	-8.4986E-15	-0.0020391	-0.0019634	-0.0007928	-0.00077363	-0.00016682	-0.096195	-4.0646E-09	-2.6012E-08	-8.2465E-09	-0.00027393	-2.8198E-18	-1.2116E-16	-0.60301	1

